5.2358
120.4242
243.4662
293.2067
314.1500
324.6217
329.8575
329.8575
329.8575
332.4754
329.8575
329.8575
332.4754
329.8575
329.8575
329.8575
329.8575
329.8575
329.8575
327.2396
329.8575
327.2396
327.2396
327.2396
327.2396
327.2396
329.8575
332.4754
337.7112
337.7112
340.3292
340.3292
342.9471
342.9471
342.9471
342.9471
342.9471
342.9471
342.9471
342.9471
342.9471
342.9471
342.9471
342.9471
342.9471
342.9471
342.9471
342.9471
340.3292
340.3292
340.3292
340.3292
340.3292
340.3292
342.9471
342.9471
342.9471
342.9471
342.9471
342.9471
342.9471
342.9471
342.9471
342.9471
342.9471
342.9471
342.9471
342.9471
342.9471
342.9471
342.9471
342.9471
342.9471
340.3292
342.9471
342.9471
342.9471
342.9471
342.9471
342.9471
340.3292
342.9471
342.9471
342.9471
342.9471
342.9471
342.9471
342.9471
342.9471
342.9471
342.9471
342.9471
342.9471
342.9471
342.9471
342.9471
342.9471
342.9471
342.9471
342.9471
342.9471
342.9471
342.9471
342.9471
342.9471
342.9471
342.9471
342.9471
342.9471
342.9471
342.9471
342.9471
342.9471
342.9471
342.9471
342.9471
342.9471
342.9471
342.9471
342.9471
342.9471
342.9471
342.9471
342.9471
342.9471
342.9471
342.9471
342.9471
342.9471
342.9471
342.9471
342.9471
342.9471
342.9471
340.3292
342.9471
342.9471
342.9471
342.9471
342.9471
342.9471
342.9471
342.9471
342.9471
342.9471
342.9471
342.9471
342.9471
342.9471
342.9471
342.9471
342.9471
342.9471
342.9471
342.9471
342.9471
342.9471
342.9471
342.9471
342.9471
342.9471
342.9471
340.3292
342.9471
342.9471
342.9471
342.9471
345.5650
342.9471
342.9471
342.9471
342.9471
342.9471
342.9471
342.9471
342.9471
342.9471
342.9471
342.9471
342.9471
345.5650
342.9471
342.9471
342.9471
342.9471
342.9471
342.9471
342.9471
342.9471
342.9471
342.9471
342.9471
342.9471
342.9471
342.9471
342.9471
342.9471
342.9471
342.9471
342.9471
342.9471
342.9471
342.9471
342.9471
342.9471
342.9471
342.9471
342.9471
342.9471
342.9471
342.9471
342.9471
342.9471
342.9471
342.9471
342.9471
345.5650
342.9471
342.9471
342.9471
342.9471
342.9471
342.9471
342.9471
342.9471
342.9471
342.9471
342.9471
342.9471
342.9471
345.5650
342.9471
342.9471
345.5650
342.9471
342.9471
345.5650
342.9471
342.9471
345.5650
342.9471
342.9471
342.9471
342.9471
342.9471
342.9471
342.9471
342.9471
342.9471
342.9471
342.9471
342.9471
342.9471
342.9471
342.9471
345.5650
342.9471
342.9471
342.9471
342.9471
342.9471
342.9471
342.9471
342.9471
342.9471
345.5650
342.9471
342.9471
342.9471
342.9471
342.9471
342.9471
342.9471
342.9471
342.9471
342.9471
342.9471
342.9471
342.9471
342.9471
342.9471
342.9471
342.9471
342.9471
342.9471
342.9471
342.9471
342.9471
342.9471
342.9471
342.9471
342.9471
342.9471
342.9471
342.9471
342.9471
342.9471
342.9471
342.9471
342.9471
342.9471
342.9471
342.9471
342.9471
342.9471
342.9471
342.9471
345.5650
342.9471
342.9471
345.5650
342.9471
342.9471
342.9471
342.9471
345.5650
342.9471
342.9471
345.5650
342.9471
342.9471
345.5650
342.9471
342.9471
345.5650
342.9471
342.9471
342.9471
342.9471
342.9471
342.9471
342.9471
342.9471
345.5650
342.9471
342.9471
342.9471
342.9471
345.5650
342.9471
342.9471
342.9471
342.9471
345.5650
342.9471
342.9471
342.9471
342.9471
345.5650
342.9471
342.9471
342.9471
342.9471
345.5650
342.9471
342.9471
342.9471
342.9471
342.9471
342.9471
342.9471
345.5650
342.9471
342.9471
342.9471
342.9471
345.5650
342.9471
342.9471
342.9471
342.9471
345.5650
342.9471
342.9471
342.9471
342.9471
342.9471
342.9471
345.5650
342.9471
342.9471
342.9471
342.9471
345.5650
342.9471
342.9471
342.9471
342.9471
342.9471
342.9471
342.9471
345.5650
342.9471
342.9471
342.9471
342.9471
342.9471
342.9471
342.9471
345.5650
342.9471
342.9471
342.9471
342.9471
345.5650
342.9471
342.9471
342.9471
342.9471
345.5650
342.9471
345.5650
342.9471
342.9471
342.9471
342.9471
345.5650
342.9471
345.5650
342.9471
345.5650
342.9471
342.9471
342.9471
342.9471
342.9471
342.9471
342.9471
345.5650
342.9471
345.5650
342.9471
342.9471
345.5650
342.9471
342.9471
342.9471
342.9471
345.5650
342.9471
342.9471
342.9471
342.9471
345.5650
342.9471
342.9471
342.9471
342.9471
342.9471
342.9471
342.9471
342.9471
342.9471
342.9471
342.9471
342.9471
342.9471
342.9471
342.9471
345.5650
342.9471
342.9471
342.9471
342.9471
342.9471
342.9471
345.5650
342.9471
342.9471
342.9471
342.9471
345.5650
342.9471
345.5650
342.9471
342.9471
342.9471
342.9471
345.5650
342.9471
342.9471
342.9471
342.9471
345.5650
342.9471
342.9471
342.9471
342.9471
345.5650
342.9471
342.9471
342.9471
342.9471
342.9471
342.9471
340.3292
340.3292
340.3292
342.9471
340.3292
