26.1792
81.1554
115.1883
130.8958
143.9854
151.8392
157.0750
162.3108
164.9288
170.1646
170.1646
170.1646
175.4004
172.7825
175.4004
175.4004
175.4004
175.4004
178.0183
175.4004
178.0183
175.4004
178.0183
175.4004
178.0183
175.4004
178.0183
175.4004
178.0183
175.4004
178.0183
178.0183
175.4004
178.0183
178.0183
175.4004
178.0183
175.4004
178.0183
178.0183
175.4004
178.0183
175.4004
178.0183
178.0183
175.4004
178.0183
175.4004
178.0183
178.0183
175.4004
178.0183
175.4004
178.0183
175.4004
178.0183
178.0183
175.4004
178.0183
175.4004
178.0183
175.4004
178.0183
175.4004
178.0183
175.4004
178.0183
178.0183
175.4004
178.0183
175.4004
178.0183
175.4004
178.0183
175.4004
178.0183
178.0183
175.4004
178.0183
175.4004
178.0183
175.4004
178.0183
175.4004
178.0183
175.4004
178.0183
178.0183
175.4004
178.0183
175.4004
178.0183
175.4004
178.0183
178.0183
175.4004
178.0183
175.4004
178.0183
175.4004
178.0183
178.0183
175.4004
178.0183
175.4004
178.0183
175.4004
178.0183
175.4004
178.0183
178.0183
175.4004
178.0183
175.4004
178.0183
175.4004
178.0183
175.4004
178.0183
175.4004
178.0183
175.4004
178.0183
175.4004
178.0183
175.4004
178.0183
175.4004
178.0183
175.4004
178.0183
175.4004
178.0183
175.4004
178.0183
175.4004
178.0183
175.4004
178.0183
175.4004
178.0183
175.4004
178.0183
175.4004
178.0183
175.4004
178.0183
175.4004
178.0183
175.4004
178.0183
175.4004
178.0183
178.0183
175.4004
178.0183
175.4004
178.0183
175.4004
178.0183
175.4004
178.0183
175.4004
178.0183
175.4004
178.0183
175.4004
178.0183
178.0183
175.4004
178.0183
175.4004
178.0183
175.4004
178.0183
175.4004
178.0183
178.0183
175.4004
178.0183
175.4004
178.0183
175.4004
178.0183
175.4004
178.0183
178.0183
175.4004
178.0183
175.4004
178.0183
175.4004
178.0183
175.4004
178.0183
178.0183
175.4004
178.0183
175.4004
178.0183
175.4004
178.0183
178.0183
175.4004
178.0183
175.4004
178.0183
175.4004
178.0183
178.0183
175.4004
178.0183
175.4004
178.0183
175.4004
178.0183
175.4004
178.0183
175.4004
178.0183
175.4004
178.0183
178.0183
175.4004
178.0183
175.4004
178.0183
175.4004
178.0183
175.4004
178.0183
175.4004
178.0183
175.4004
178.0183
175.4004
178.0183
175.4004
178.0183
175.4004
178.0183
175.4004
178.0183
175.4004
178.0183
175.4004
178.0183
175.4004
178.0183
175.4004
178.0183
175.4004
178.0183
175.4004
178.0183
175.4004
178.0183
175.4004
178.0183
175.4004
178.0183
175.4004
178.0183
175.4004
178.0183
175.4004
178.0183
175.4004
178.0183
175.4004
178.0183
175.4004
178.0183
175.4004
178.0183
178.0183
175.4004
178.0183
175.4004
178.0183
175.4004
178.0183
175.4004
178.0183
175.4004
178.0183
178.0183
175.4004
178.0183
175.4004
178.0183
175.4004
178.0183
175.4004
178.0183
178.0183
175.4004
178.0183
175.4004
178.0183
175.4004
178.0183
175.4004
178.0183
175.4004
178.0183
178.0183
175.4004
178.0183
175.4004
178.0183
175.4004
178.0183
175.4004
178.0183
175.4004
178.0183
175.4004
178.0183
175.4004
178.0183
175.4004
178.0183
175.4004
178.0183
178.0183
175.4004
178.0183
175.4004
178.0183
175.4004
178.0183
175.4004
178.0183
175.4004
178.0183
175.4004
178.0183
175.4004
178.0183
178.0183
175.4004
178.0183
175.4004
178.0183
175.4004
178.0183
175.4004
178.0183
175.4004
178.0183
175.4004
178.0183
175.4004
178.0183
175.4004
178.0183
178.0183
175.4004
178.0183
175.4004
178.0183
175.4004
178.0183
175.4004
178.0183
175.4004
178.0183
175.4004
178.0183
175.4004
178.0183
175.4004
178.0183
175.4004
178.0183
175.4004
178.0183
175.4004
178.0183
175.4004
178.0183
175.4004
178.0183
175.4004
178.0183
175.4004
178.0183
175.4004
178.0183
175.4004
178.0183
175.4004
178.0183
175.4004
178.0183
175.4004
178.0183
175.4004
178.0183
175.4004
178.0183
175.4004
178.0183
175.4004
178.0183
175.4004
178.0183
175.4004
178.0183
178.0183
175.4004
178.0183
175.4004
178.0183
175.4004
178.0183
175.4004
178.0183
178.0183
175.4004
178.0183
175.4004
178.0183
175.4004
178.0183
178.0183
175.4004
178.0183
175.4004
178.0183
175.4004
178.0183
178.0183
175.4004
178.0183
175.4004
178.0183
175.4004
178.0183
178.0183
175.4004
178.0183
175.4004
178.0183
175.4004
178.0183
175.4004
178.0183
175.4004
178.0183
175.4004
178.0183
175.4004
178.0183
178.0183
175.4004
178.0183
175.4004
178.0183
175.4004
178.0183
175.4004
178.0183
175.4004
178.0183
175.4004
178.0183
178.0183
175.4004
178.0183
175.4004
178.0183
175.4004
178.0183
175.4004
178.0183
178.0183
175.4004
178.0183
175.4004
178.0183
175.4004
178.0183
175.4004
178.0183
178.0183
175.4004
178.0183
175.4004
178.0183
175.4004
178.0183
175.4004
178.0183
178.0183
175.4004
178.0183
175.4004
178.0183
