0.0000
0.0000
0.0000
13.0900
39.2699
65.4498
78.5398
104.7197
104.7197
130.8997
130.8997
130.8997
157.0796
143.9896
157.0796
170.1696
157.0796
183.2595
170.1696
170.1696
183.2595
183.2595
183.2595
183.2595
196.3495
183.2595
196.3495
183.2595
196.3495
183.2595
196.3495
196.3495
196.3495
183.2595
196.3495
196.3495
196.3495
196.3495
196.3495
196.3495
196.3495
196.3495
196.3495
196.3495
196.3495
196.3495
196.3495
196.3495
196.3495
196.3495
196.3495
196.3495
196.3495
196.3495
196.3495
196.3495
196.3495
196.3495
196.3495
196.3495
196.3495
196.3495
196.3495
196.3495
196.3495
196.3495
196.3495
196.3495
196.3495
209.4395
196.3495
196.3495
196.3495
196.3495
196.3495
196.3495
196.3495
196.3495
196.3495
196.3495
196.3495
196.3495
196.3495
196.3495
196.3495
196.3495
196.3495
196.3495
196.3495
196.3495
209.4395
196.3495
196.3495
196.3495
196.3495
196.3495
196.3495
196.3495
196.3495
196.3495
196.3495
196.3495
196.3495
196.3495
196.3495
196.3495
196.3495
196.3495
196.3495
209.4395
196.3495
196.3495
196.3495
196.3495
196.3495
196.3495
196.3495
196.3495
196.3495
196.3495
196.3495
196.3495
196.3495
196.3495
196.3495
196.3495
196.3495
196.3495
196.3495
196.3495
196.3495
196.3495
196.3495
196.3495
196.3495
196.3495
196.3495
196.3495
196.3495
196.3495
196.3495
196.3495
196.3495
196.3495
196.3495
196.3495
209.4395
196.3495
196.3495
196.3495
196.3495
196.3495
196.3495
196.3495
196.3495
196.3495
196.3495
196.3495
196.3495
196.3495
196.3495
196.3495
196.3495
209.4395
196.3495
196.3495
196.3495
196.3495
196.3495
196.3495
196.3495
196.3495
196.3495
196.3495
196.3495
196.3495
196.3495
196.3495
196.3495
196.3495
196.3495
196.3495
196.3495
196.3495
196.3495
196.3495
196.3495
196.3495
196.3495
196.3495
196.3495
196.3495
196.3495
196.3495
196.3495
196.3495
209.4395
196.3495
196.3495
196.3495
196.3495
196.3495
196.3495
196.3495
196.3495
196.3495
196.3495
196.3495
196.3495
196.3495
196.3495
196.3495
209.4395
196.3495
196.3495
196.3495
196.3495
196.3495
196.3495
196.3495
196.3495
196.3495
196.3495
196.3495
196.3495
196.3495
196.3495
196.3495
209.4395
196.3495
196.3495
196.3495
196.3495
196.3495
196.3495
196.3495
196.3495
196.3495
196.3495
196.3495
196.3495
196.3495
196.3495
196.3495
209.4395
196.3495
196.3495
196.3495
196.3495
196.3495
196.3495
196.3495
196.3495
196.3495
196.3495
196.3495
196.3495
196.3495
196.3495
196.3495
209.4395
196.3495
196.3495
196.3495
196.3495
196.3495
196.3495
196.3495
196.3495
196.3495
196.3495
196.3495
196.3495
196.3495
196.3495
196.3495
209.4395
196.3495
196.3495
196.3495
196.3495
196.3495
196.3495
196.3495
196.3495
196.3495
196.3495
196.3495
196.3495
196.3495
196.3495
196.3495
209.4395
196.3495
196.3495
196.3495
196.3495
196.3495
196.3495
196.3495
196.3495
196.3495
196.3495
196.3495
196.3495
196.3495
196.3495
196.3495
196.3495
196.3495
196.3495
196.3495
196.3495
196.3495
196.3495
196.3495
196.3495
196.3495
196.3495
196.3495
196.3495
196.3495
196.3495
196.3495
196.3495
196.3495
196.3495
196.3495
196.3495
196.3495
196.3495
196.3495
196.3495
196.3495
196.3495
196.3495
196.3495
196.3495
196.3495
196.3495
196.3495
196.3495
196.3495
196.3495
196.3495
196.3495
196.3495
196.3495
196.3495
196.3495
196.3495
196.3495
196.3495
196.3495
196.3495
196.3495
196.3495
196.3495
196.3495
196.3495
196.3495
196.3495
196.3495
196.3495
196.3495
196.3495
196.3495
196.3495
196.3495
196.3495
196.3495
196.3495
196.3495
196.3495
196.3495
196.3495
196.3495
196.3495
196.3495
196.3495
196.3495
196.3495
196.3495
196.3495
196.3495
196.3495
196.3495
196.3495
196.3495
196.3495
196.3495
196.3495
196.3495
196.3495
196.3495
196.3495
196.3495
196.3495
196.3495
196.3495
196.3495
196.3495
196.3495
196.3495
196.3495
196.3495
196.3495
196.3495
196.3495
196.3495
196.3495
196.3495
209.4395
196.3495
196.3495
196.3495
196.3495
196.3495
196.3495
196.3495
196.3495
196.3495
196.3495
196.3495
196.3495
196.3495
196.3495
196.3495
209.4395
196.3495
196.3495
196.3495
196.3495
196.3495
196.3495
196.3495
196.3495
196.3495
196.3495
196.3495
196.3495
196.3495
196.3495
196.3495
196.3495
196.3495
196.3495
196.3495
196.3495
196.3495
196.3495
196.3495
196.3495
196.3495
196.3495
196.3495
196.3495
196.3495
196.3495
209.4395
196.3495
196.3495
196.3495
196.3495
196.3495
196.3495
196.3495
196.3495
196.3495
196.3495
196.3495
196.3495
196.3495
196.3495
196.3495
209.4395
196.3495
196.3495
196.3495
196.3495
196.3495
196.3495
196.3495
196.3495
196.3495
196.3495
196.3495
196.3495
196.3495
196.3495
196.3495
209.4395
196.3495
196.3495
196.3495
196.3495
196.3495
196.3495
196.3495
196.3495
