0.0000
0.0000
13.0900
26.1799
52.3599
65.4498
91.6298
104.7197
117.8097
130.8997
130.8997
143.9896
143.9896
157.0796
157.0796
170.1696
157.0796
170.1696
183.2595
170.1696
183.2595
183.2595
183.2595
183.2595
196.3495
183.2595
183.2595
196.3495
183.2595
196.3495
196.3495
183.2595
183.2595
196.3495
196.3495
196.3495
183.2595
196.3495
196.3495
196.3495
196.3495
196.3495
196.3495
196.3495
196.3495
196.3495
196.3495
196.3495
196.3495
196.3495
196.3495
196.3495
196.3495
196.3495
196.3495
196.3495
196.3495
196.3495
196.3495
196.3495
196.3495
196.3495
196.3495
196.3495
196.3495
196.3495
196.3495
196.3495
196.3495
196.3495
196.3495
196.3495
196.3495
196.3495
196.3495
196.3495
196.3495
196.3495
196.3495
196.3495
196.3495
196.3495
196.3495
196.3495
196.3495
196.3495
196.3495
209.4395
196.3495
196.3495
196.3495
196.3495
196.3495
196.3495
196.3495
196.3495
196.3495
196.3495
196.3495
196.3495
196.3495
196.3495
196.3495
196.3495
196.3495
196.3495
196.3495
196.3495
196.3495
196.3495
196.3495
196.3495
196.3495
196.3495
183.2595
196.3495
196.3495
196.3495
196.3495
196.3495
196.3495
196.3495
196.3495
196.3495
196.3495
196.3495
196.3495
196.3495
196.3495
196.3495
196.3495
196.3495
196.3495
196.3495
196.3495
196.3495
196.3495
183.2595
196.3495
196.3495
196.3495
196.3495
196.3495
196.3495
196.3495
196.3495
196.3495
196.3495
196.3495
196.3495
196.3495
196.3495
196.3495
196.3495
196.3495
196.3495
196.3495
196.3495
196.3495
196.3495
196.3495
196.3495
196.3495
196.3495
196.3495
196.3495
196.3495
196.3495
196.3495
196.3495
196.3495
196.3495
196.3495
196.3495
196.3495
196.3495
196.3495
196.3495
196.3495
196.3495
196.3495
196.3495
196.3495
196.3495
196.3495
196.3495
196.3495
196.3495
196.3495
196.3495
196.3495
196.3495
196.3495
196.3495
196.3495
196.3495
196.3495
196.3495
196.3495
196.3495
196.3495
196.3495
196.3495
196.3495
196.3495
196.3495
196.3495
196.3495
196.3495
196.3495
196.3495
196.3495
196.3495
196.3495
209.4395
196.3495
196.3495
196.3495
196.3495
196.3495
196.3495
196.3495
196.3495
196.3495
196.3495
196.3495
196.3495
196.3495
196.3495
196.3495
196.3495
209.4395
196.3495
196.3495
196.3495
196.3495
196.3495
196.3495
196.3495
196.3495
196.3495
196.3495
196.3495
196.3495
196.3495
196.3495
196.3495
196.3495
196.3495
196.3495
196.3495
196.3495
196.3495
196.3495
196.3495
196.3495
196.3495
196.3495
196.3495
196.3495
196.3495
196.3495
196.3495
196.3495
196.3495
183.2595
196.3495
196.3495
196.3495
196.3495
196.3495
196.3495
196.3495
196.3495
196.3495
196.3495
196.3495
196.3495
196.3495
196.3495
196.3495
196.3495
209.4395
196.3495
196.3495
196.3495
196.3495
196.3495
196.3495
196.3495
196.3495
196.3495
196.3495
196.3495
196.3495
196.3495
196.3495
196.3495
209.4395
196.3495
196.3495
196.3495
196.3495
196.3495
196.3495
196.3495
196.3495
196.3495
196.3495
196.3495
196.3495
196.3495
196.3495
196.3495
196.3495
196.3495
196.3495
196.3495
196.3495
196.3495
196.3495
196.3495
196.3495
196.3495
196.3495
196.3495
196.3495
196.3495
196.3495
183.2595
196.3495
196.3495
196.3495
196.3495
196.3495
196.3495
196.3495
196.3495
196.3495
196.3495
196.3495
196.3495
196.3495
196.3495
196.3495
196.3495
196.3495
196.3495
196.3495
196.3495
196.3495
196.3495
196.3495
196.3495
196.3495
196.3495
196.3495
196.3495
196.3495
196.3495
196.3495
196.3495
209.4395
196.3495
196.3495
196.3495
196.3495
196.3495
196.3495
196.3495
196.3495
196.3495
196.3495
196.3495
196.3495
196.3495
196.3495
196.3495
209.4395
196.3495
196.3495
196.3495
196.3495
196.3495
196.3495
196.3495
196.3495
196.3495
196.3495
196.3495
196.3495
196.3495
196.3495
196.3495
196.3495
196.3495
196.3495
196.3495
196.3495
196.3495
196.3495
196.3495
196.3495
196.3495
196.3495
196.3495
196.3495
196.3495
196.3495
196.3495
209.4395
196.3495
196.3495
196.3495
196.3495
196.3495
196.3495
196.3495
196.3495
196.3495
196.3495
196.3495
196.3495
196.3495
196.3495
196.3495
209.4395
196.3495
196.3495
196.3495
196.3495
196.3495
196.3495
196.3495
196.3495
196.3495
196.3495
196.3495
196.3495
196.3495
196.3495
196.3495
196.3495
196.3495
196.3495
196.3495
196.3495
196.3495
196.3495
196.3495
196.3495
196.3495
196.3495
196.3495
196.3495
196.3495
196.3495
196.3495
196.3495
196.3495
196.3495
196.3495
196.3495
196.3495
196.3495
196.3495
196.3495
196.3495
196.3495
196.3495
196.3495
196.3495
196.3495
196.3495
196.3495
196.3495
209.4395
196.3495
196.3495
196.3495
196.3495
196.3495
196.3495
196.3495
196.3495
196.3495
196.3495
196.3495
196.3495
196.3495
196.3495
196.3495
196.3495
209.4395
196.3495
196.3495
196.3495
196.3495
196.3495
196.3495
