0.0000
0.0000
117.8097
183.2595
0.0000
0.0000
117.8097
183.2595
0.0000
0.0000
91.6298
183.2595
183.2595
13.0900
65.4498
183.2595
183.2595
13.0900
39.2699
183.2595
183.2595
0.0000
26.1799
183.2595
183.2595
0.0000
13.0900
183.2595
183.2595
0.0000
26.1799
183.2595
183.2595
0.0000
0.0000
157.0796
183.2595
0.0000
0.0000
143.9896
183.2595
0.0000
0.0000
117.8097
183.2595
0.0000
13.0900
143.9896
183.2595
0.0000
0.0000
91.6298
183.2595
183.2595
0.0000
130.8997
183.2595
183.2595
0.0000
78.5398
183.2595
170.1696
0.0000
91.6298
183.2595
170.1696
0.0000
78.5398
183.2595
170.1696
0.0000
39.2699
183.2595
170.1696
0.0000
52.3599
170.1696
183.2595
0.0000
39.2699
170.1696
170.1696
0.0000
26.1799
170.1696
170.1696
183.2595
26.1799
170.1696
170.1696
170.1696
0.0000
157.0796
183.2595
170.1696
0.0000
157.0796
170.1696
170.1696
0.0000
143.9896
170.1696
183.2595
0.0000
130.8997
183.2595
170.1696
0.0000
117.8097
170.1696
170.1696
0.0000
78.5398
183.2595
170.1696
13.0900
52.3599
170.1696
170.1696
0.0000
13.0900
183.2595
183.2595
183.2595
0.0000
143.9896
183.2595
183.2595
0.0000
91.6298
183.2595
183.2595
0.0000
26.1799
196.3495
183.2595
13.0900
13.0900
183.2595
196.3495
13.0900
0.0000
183.2595
183.2595
0.0000
0.0000
157.0796
183.2595
13.0900
0.0000
143.9896
183.2595
0.0000
13.0900
117.8097
183.2595
0.0000
0.0000
104.7197
183.2595
0.0000
13.0900
78.5398
196.3495
183.2595
0.0000
65.4498
196.3495
183.2595
0.0000
65.4498
183.2595
196.3495
0.0000
39.2699
183.2595
183.2595
13.0900
0.0000
183.2595
183.2595
13.0900
0.0000
157.0796
196.3495
0.0000
13.0900
130.8997
183.2595
13.0900
0.0000
117.8097
183.2595
13.0900
0.0000
91.6298
183.2595
0.0000
13.0900
78.5398
183.2595
183.2595
13.0900
65.4498
183.2595
183.2595
13.0900
39.2699
183.2595
183.2595
0.0000
26.1799
183.2595
183.2595
0.0000
0.0000
183.2595
183.2595
0.0000
0.0000
170.1696
183.2595
0.0000
0.0000
157.0796
183.2595
0.0000
0.0000
143.9896
183.2595
0.0000
0.0000
117.8097
183.2595
0.0000
0.0000
91.6298
196.3495
0.0000
0.0000
65.4498
196.3495
183.2595
0.0000
52.3599
196.3495
183.2595
0.0000
52.3599
183.2595
196.3495
0.0000
52.3599
183.2595
183.2595
0.0000
91.6298
183.2595
183.2595
0.0000
65.4498
196.3495
183.2595
0.0000
0.0000
157.0796
196.3495
0.0000
0.0000
130.8997
183.2595
183.2595
0.0000
117.8097
183.2595
183.2595
0.0000
91.6298
183.2595
183.2595
0.0000
78.5398
183.2595
183.2595
0.0000
52.3599
183.2595
183.2595
0.0000
26.1799
183.2595
183.2595
0.0000
13.0900
183.2595
183.2595
0.0000
0.0000
170.1696
183.2595
0.0000
0.0000
157.0796
183.2595
0.0000
0.0000
130.8997
183.2595
0.0000
0.0000
117.8097
183.2595
183.2595
0.0000
91.6298
183.2595
183.2595
0.0000
65.4498
183.2595
183.2595
0.0000
52.3599
183.2595
183.2595
0.0000
26.1799
183.2595
183.2595
0.0000
13.0900
183.2595
183.2595
0.0000
0.0000
170.1696
183.2595
0.0000
0.0000
157.0796
183.2595
0.0000
0.0000
130.8997
183.2595
0.0000
0.0000
104.7197
183.2595
183.2595
0.0000
91.6298
170.1696
170.1696
0.0000
65.4498
183.2595
183.2595
0.0000
52.3599
183.2595
183.2595
0.0000
39.2699
183.2595
183.2595
0.0000
13.0900
183.2595
183.2595
0.0000
0.0000
183.2595
183.2595
0.0000
0.0000
157.0796
183.2595
0.0000
0.0000
130.8997
170.1696
0.0000
0.0000
117.8097
183.2595
0.0000
0.0000
91.6298
183.2595
183.2595
0.0000
78.5398
196.3495
183.2595
0.0000
65.4498
183.2595
183.2595
0.0000
39.2699
196.3495
183.2595
0.0000
26.1799
183.2595
183.2595
0.0000
0.0000
196.3495
183.2595
0.0000
0.0000
170.1696
183.2595
0.0000
0.0000
143.9896
183.2595
0.0000
0.0000
130.8997
183.2595
0.0000
0.0000
104.7197
183.2595
0.0000
0.0000
78.5398
183.2595
183.2595
0.0000
65.4498
183.2595
196.3495
13.0900
52.3599
183.2595
183.2595
0.0000
26.1799
183.2595
183.2595
0.0000
13.0900
183.2595
183.2595
0.0000
0.0000
170.1696
183.2595
0.0000
0.0000
157.0796
183.2595
0.0000
0.0000
130.8997
183.2595
0.0000
0.0000
104.7197
183.2595
0.0000
0.0000
91.6298
183.2595
183.2595
0.0000
78.5398
183.2595
183.2595
13.0900
52.3599
183.2595
183.2595
0.0000
26.1799
183.2595
183.2595
13.0900
13.0900
183.2595
183.2595
13.0900
0.0000
170.1696
183.2595
0.0000
0.0000
170.1696
183.2595
0.0000
0.0000
143.9896
183.2595
0.0000
0.0000
117.8097
